//rho_E(n,2,2)
0 3 2 2 2 2
0 3 3 2 2 4
0 3 4 2 2 4
0 3 5 2 2 8
0 3 6 2 2 8
0 3 7 2 2 8
0 3 8 2 2 8
0 3 9 2 2 12
0 3 10 2 2 12
0 3 11 2 2 12
0 3 12 2 2 12
0 3 13 2 2 16
0 1 5 2 2 2/12
0 1 6 2 2 2/12
0 1 9 2 2 2/20
0 1 10 2 2 2/20
0 1 13 2 2 2/28
//rho_E(n,2,4)
0 3 4 2 4 8
0 3 5 2 4 16
0 3 6 2 4 16
0 3 7 2 4 32
0 3 8 2 4 64
0 3 9 2 4 64
0 1 7 2 2 3/80
0 1 8 2 2 4/144
0 1 9 2 2 6/240
0 1 10 2 2 6/336
0 1 11 2 2 6/336
//rho_E(n,2,6)
0 3 6 2 4 32
0 3 7 2 4 64
0 3 8 2 4 64
0 3 9 2 4 128
0 3 10 2 4 256
0 1 10 2 2 4/448
0 1 11 2 2 6/960
0 1 12 2 2 25/5184
**************************************
//rho(n,3,2)
0 3 2 3 2 9
0 3 3 3 2 9
0 3 4 3 2 9
0 3 5 3 2 18
0 3 6 3 2 18
0 3 7 3 2 18
0 3 8 3 2 81
0 1 5 3 2 2/27
0 1 6 3 2 1/15
0 1 7 3 2 1/15
0 1 8 3 2 7/135
//rho(n,3,3)
0 3 3 3 3 27
0 3 4 3 3 27
0 3 5 3 3 54
0 3 6 3 3 81
0 1 5 3 3 2/54
0 1 6 3 3 2/81
//rho(n,3,4)
0 3 4 3 3 81
0 3 5 3 3 81
0 3 6 3 3 243
0 1 6 3 3 4/324
**************************
//rho_E(n,3,2)
0 3 2 3 2 3
0 3 3 3 2 3
0 3 4 3 2 6
0 3 5 3 2 6
0 3 6 3 2 6
0 3 7 3 2 9
0 3 8 3 2 9
0 3 9 3 2 9
0 3 10 3 2 12
0 1 4 3 2 3/15
0 1 7 3 2 3/24
0 1 10 3 2 3/33
//rho_E(n,3,3)
0 3 3 3 3 9
0 3 4 3 3 9
0 3 5 3 3 18
0 3 6 3 3 27
0 3 7 3 3 27
0 3 8 3 3 27
0 1 5 3 3 2/27
0 1 6 3 3 2/27
0 1 7 3 3 8/162
0 1 8 3 3 8/162
//rho_E(n,3,4)
0 3 4 3 4 27
0 3 5 3 4 27
0 3 6 3 4 81
0 3 7 3 4 81
0 1 6 3 3 7/297
0 1 7 3 3 5/243
//rho_E(n,3,5)
0 3 5 3 5 81
0 3 6 3 5 81
0 3 7 3 5 243
0 1 7 3 5 27/3240
***********************************************************
//rho(n,4,2)
0 3 2 4 2 16
0 3 3 4 2 16
0 3 4 4 2 16
0 3 5 4 2 16
0 3 6 4 2 32
0 1 6 4 2 7/160
//rho(n,4,3)
0 3 3 4 2 64
0 3 4 4 2 64
0 3 5 4 2 64
0 3 6 4 2 64
//rho(n,4,4)
0 3 4 4 2 256
0 3 5 4 2 256
************************************************
//rho_E(n,4,2)
0 3 2 4 2 4
0 3 3 4 2 8
0 3 4 4 2 8
0 3 5 4 2 16
0 3 6 4 2 16
0 3 7 4 2 16
0 1 2 4 2 2/8
0 1 3 4 2 2/8
0 1 4 4 2 4/24
0 1 5 4 2 14/104
0 1 6 4 2 2/16
0 1 7 4 2 2/16
//rho_E(n,4,3)
0 3 3 4 3 16
0 3 4 4 3 16
0 3 5 4 3 32
0 3 6 4 3 32
0 1 5 4 3 2/32
0 1 6 4 3 2/32
//rho_E(n,4,4)
0 3 5 4 3 64
0 3 6 4 3 128
0 1 5 4 3 1/64
0 1 6 4 3 2/128
**********************************
//rho(n,5,2)
0 3 2 5 2 25
0 3 3 5 2 25
0 3 4 5 2 25
0 3 5 5 2 25
0 3 6 5 2 25
//rho(n,5,3)
0 3 3 5 3 125
0 3 4 5 3 125
0 3 5 5 3 125
0 3 6 5 3 125
//rho(n,5,4)
0 3 4 5 3 625
0 3 5 5 3 625
0 3 6 5 3 625
**************************************
//rho_E(n,5,2)
0 3 2 5 2 5
0 3 3 5 2 5
0 3 4 5 2 5
0 3 5 5 2 5
0 3 6 5 2 10
0 1 6 5 2 5/35
//rho_E(n,5,3)
0 3 3 5 3 25
0 3 4 5 3 25
0 3 5 5 3 25
0 3 6 5 3 25
//rho_E(n,5,4)
0 3 4 5 4 125
0 3 5 5 4 125
*******************************************
//rho(n,6,2)
0 3 2 6 2 36
0 3 3 6 2 36
0 3 4 6 2 72
0 1 4 6 2 2/72
//rho_6(n,6,2)
0 3 2 6 2 6
0 3 3 6 2 12
0 3 4 6 2 12
0 3 5 6 2 12
0 3 6 6 2 12
0 1 3 6 2 2/12
0 1 4 6 2 2/12
0 1 5 6 2 3/24
0 1 6 6 2 3/24



















